
Element["" "" "" "" 32390 15461 0 0 0 100 ""]
(
	Pin[0 4724 9000 3000 9600 3000 "" "2" "edge2"]
	Pin[19685 4724 9000 3000 9600 3000 "" "3" "edge2"]
	Pin[-19685 4724 9000 3000 9600 3000 "" "1" "edge2"]
	ElementLine [-29528 -14961 -29528 20472 1000]
	ElementLine [-29528 20472 29528 20472 1000]
	ElementLine [29528 -14961 -29528 -14961 1000]
	ElementLine [-29528 14567 29528 14567 1000]
	ElementLine [17717 -11024 21654 -7087 1000]
	ElementLine [21654 -11024 17717 -7087 1000]
	ElementLine [-1969 -11024 1969 -7087 1000]
	ElementLine [1969 -11024 -1969 -7087 1000]
	ElementLine [-21654 -11024 -17717 -7087 1000]
	ElementLine [-17717 -11024 -21654 -7087 1000]
	ElementLine [-29528 -11024 -31890 -11024 1000]
	ElementLine [-31890 -11024 -31890 -9055 1000]
	ElementLine [-31890 -9055 -29528 -9055 1000]
	ElementLine [29528 -12205 26378 -12205 1000]
	ElementLine [29528 -7480 26378 -7480 1000]
	ElementLine [26378 -12205 26378 -7480 1000]
	ElementLine [29528 -7480 29528 20472 1000]
	ElementLine [29528 -12205 29528 -14961 1000]
	ElementLine [29528 -14961 29528 -14567 1000]

	)
